0
0
0
0
0
0
0
0
0
0
0
0
0
0
0
0
0
0
0
0
0
0
0
0
0
0
0
0
0
0
0
0
0
0
0
0
0
0
0
0
0
0
0
0
0
0
0
0
0
0
0
0
0
0
0
0
0
0
0
0
0
0
0
0
0
0
0
0
0
0
0
0
0
0
0
0
0
0
0
0
0
0
0
0
0
0
0
0
0
0
0
0
0
0
0
0
0
0
0
0
0
0
0
0
0
0
0
0
0
0
0
0
0
0
0
0
0
0
0
0
0
0
0
0
0
0
0
0
0
0
0
0
0
0
0
0
0
0
0
0
0
0
0
0
0
0
0
0
0
0
0
0
0
0
0
0
0
0
0
0
0
0
0
0
0
0
0
0
0
0
0
0
0
0
0
0
0
0
0
0
0
0
0
0
0
0
0
0
0
0
0
0
0
0
0
0
0
0
0.07
0.07
0.07
0.06
0.06
0.06
0.06
0.06
0.06
0.15
0.06
0.06
0.06
0.06
0.06
0.06
0.06
0.12
0.1
0.12
0.1
0.11
0.18
0.19
0.19
0.21
0.25
0.36
0.24
0.3
0.28
0.29
0.29
0.29
0.28
0.25
0.23
0.25
0.23
0.23
0.25
0.27
0.25
0.27
0.3
0.3
0.3
0.32
0.33
0.42
0.4
0.35
0.43
0.43
0.45
0.61
0.78
0.92
0.97
1.09
1.08
1.04
0.88
0.96
0.96
0.95
0.92
0.9
0.93
0.9
0.87
0.79
0.86
0.9
0.8
0.8
0.77
0.78
0.76
0.99
1.09
1.19
1.38
1.71
2.66
3.95
3.56
3.75
5.41
8.56
8.47
7.28
6.81
7.95
8.68
9.47
15.05
19.19
32.34
24.87
19.99
17.6
15.39
16.95
17.89
17.38
15.74
16.44
15.16
14.52
14.25
13.93
13.94
14.16
14.1
14.06
13.37
11.42
9.66
10.35
11.4
11.39
11.75
11.47
10.01
9.4
8.46
8.56
7.53
6.49
6.19
5.18
5.89
5.8
5.49
4.95
5.27
5.03
4.79
4.23
4.37
3.87
2.59
3.31
3
3.39
3.38
3.28
3.04
3.09
3.11
2.67
2.37
2.3
2.48
2.51
3
3.1
3.06
3.04
3.33
3.2
3.36
4.08
4.06
4.09
4.47
5.45
6.6
7.2
7.1
6.81
6.97
6.57
6.47
6.08
5.72
5.77
5.99
5.74
5.94
5.69
4.74
4.38
4.63
5.05
4.98
4.94
5.04
4.99
4.98
5.45
5.4
4.95
4.81
4.74
4.85
4.97
4.96
4.94
4.9
4.97
4.99
5.19
5.3
5.16
5.09
5.04
5.15
5.1
5.1
5.01
5.1
5.14
5.13
5.15
5.16
5.21
5.27
5.48
5.68
5.76
6.27
6.48
6.8
6.56
6.58
6.69
6.71
6.74
6.98
7.46
7.8
9.37
9.53
8.91
8.95
9.22
10.12
11.21
11.35
11.64
12.3
15.37
10.45
10.25
10.99
11.14
10.36
10.59
11.27
11.14
11.48
11.98
12.63
12.4
12.24
12.46
12.58
13.07
12.58
12.16
12.1
11.99
11.94
11.86
11.56
10.69
11.17
10.62
10.97
11.04
11.17
11.28
11.82
11.9
12.46
12.5
12.66
12.75
13.69
13.53
13.8
13.75
13.4
13.63
13.45
13.51
13.57
13.42
13.54
13.84
14.31
14.34
15.53
16.15
17.97
17.71
19.78
21.25
20.99
22.15
23.97
24.3
27.39
29.48
30.52
30.4
33.36
34.25
42
46.93
44.32
46.9
52.12
70.25
71.93
88.8
92.5
117.34
142.1
186.96
124.9
100
93.9
127.5
142.5
137
144.54
103.3
115.98
113.35
115.68
112
123.32
122.02
126.7
133.5
132.3
129.3
121.42
111.5
106.1
103.9
99.9
107.68
108.35
103.89
94.65
87
80.04
75
87.9
98
97.05
92
91.99
97
98.7
106.2
104.95
106.56
102.8
106.64
98.08
99.3
110.43
109.04
117.72
124.84
130.09
122.63
118.18
126.54
124.05
139.15
123.04
122.65
124.65
127.01
103.85
121.2
124.12
127.41
135.17
143.94
186.12
203.7
179.56
216
203
229.95
291.02
328
393
437.24
547
795
814.56
1014.1
955.01
1136.9
705.91
978.76
885
690
685.3
614.11
679.02
715
732
807.39
915.69
826.28
844.04
841.83
811.2
824.78
780.02
747.57
800
814.34
781
680.8
675.1
670.29
629.96
563
611.05
585.21
567.48
673.28
631.99
629.33
641.01
634.99
611.2
563.01
585.79
499.6
457.49
448.72
458
441.93
423.37
523
482.11
498.38
502.15
438.8
452.03
440
428.01
449
442.45
446.53
446.89
493.97
527.91
572.7
621.3
662
661.48
657.11
624.97
572.28
608
593.48
588.25
577.34
599.99
650.49
631
624.97
634
621.21
625.8
627
620.43
595.9
585.5
595.76
588.5
585.02
590.74
549.98
523.88
490
515.69
501.55
506.61
478.87
474.5
479.59
473.35
474.62
470.83
425.56
401.15
423.68
400.39
390.18
358.9
327.61
363.61
380.8
394.84
391
385.89
358.49
350.9
345.3
324.36
338.63
346.94
369.41
399.11
388.87
356.47
367.12
366.86
375.59
379.62
376
362.99
348.97
357.8
321.34
331.52
336.95
329.94
313.4
314.81
263.17
297.99
275.97
222
208.13
216.01
233.51
254.32
236.2
219.25
227.53
222.36
219.93
222.33
234.18
237.44
245.41
239.94
252.11
275.87
273.11
275
296.56
282.2
284.48
262.1
265.99
249.23
242.34
246.49
253.67
253.9
236
223.01
227.5
222.61
233.59
226.29
225.2
230.97
238.25
237.16
239.11
235.97
236.63
231.4
238.8
235.59
236.44
228.34
225.4
224.99
228.88
229.6
236
248.26
243.55
240.2
251.21
262.43
256.12
268.53
269
310.55
285.66
276.74
276.76
289
293.93
288.45
282.26
281
262.22
270.98
265.93
256.66
235.31
228.14
225.04
229.63
227.97
230.73
240.47
238.81
230
228.33
230.25
230.42
235.22
239.14
238.03
238.4
243.01
245.72
249.98
262.26
263.59
274.35
282.8
304.79
310.18
404.5
373.69
380.62
340.81
318.97
333.66
326.31
319.64
358
377.27
361.47
387.3
416.49
436.2
463.98
463
438.35
456
422.42
428.23
432.76
432.43
452.64
447.98
429.55
380.16
420.35
385.09
391.66
378.18
371.99
388
375
379.14
389.88
407
419.98
436.76
423.46
431.89
422.5
399.17
412.15
420.11
414.99
418.49
411.81
417.96
416.96
415.83
416.31
419.71
419.95
420.75
423.87
430.58
435.95
447.7
462.5
449.98
453
446.84
459.02
450.78
455.82
454
436.05
438.47
448.7
526.64
531.97
567.88
583.72
574.32
665.85
693.88
751.96
664.46
665
651.85
667.95
656.97
673.76
647.41
664.5
663.19
673.46
664
661.48
655.37
654.68
530.74
572.72
591.69
586.01
567.34
570.92
577.52
581.98
577.77
571.5
571
603.95
615.33
621.65
608.82
607.04
608.66
594.08
598.98
603.85
612.98
607.18
614.74
614.77
634.02
638.97
627.72
653.25
651.45
685.91
697.01
683.69
709.96
721.5
702.28
711.73
748.98
736.97
735.64
727.31
742.05
762.97
758.99
769.08
777.99
775.88
788.67
834.97
892.6
930.34
958.12
1013.42
999.65
910.49
780.92
819.55
906.6
895.64
919.97
915.05
912.19
983.42
1034.07
1052.84
997.59
1001.2
1035.2
1050.87
1130.01
1150.37
1190.89
1287
1279.5
1192.09
1227.68
1257
967.69
1113
927.93
1041.04
1034.74
1079.99
1133.53
1184.03
1219.09
1170.36
1176.97
1236.63
1240.84
1288.02
1333
1447.55
1518.75
1651.1
1829
1780
1783.98
2008.84
2256.32
2279.82
2290.02
2409.93
2529.53
2683.03
2898.63
2706
2477.94
2600
2713.48
2502.03
2558.3
2421.26
2598.89
2502.86
2327.09
2338.49
1910.96
2265.21
2825.51
2564.3
2784.8
2862.9
2790
3210.2
3340.28
3868.52
4179.97
4104.71
3986.28
4331.77
4339.05
4582.52
4585.57
4385.02
4312.26
4198.59
3216.43
3678.53
3894.48
3777.62
3881
4164.27
4394.07
4318.58
4605.66
4822.17
5825.99
5594.66
5986.44
5900.59
5889.82
6136.49
6751.98
7365.99
7128.64
6569.22
6493.63
7868.77
8049.72
8236.72
8768.8
9919
10879.9
11591.2
16860.9
15069
16252.3
19279.9
17382.9
13776.6
13740.9
14214
13796
15039.2
17156
14437.4
13791.2
13554.1
11174.8
11513.4
11392
11431.4
10082.5
8852.73
6925.46
8245.08
8068.02
9471.64
11085.8
11246
10171.3
10319.5
10931.1
11516.8
9920.46
8777.37
9153.54
8297.89
8605.64
8725.37
8457.96
7950.61
6937.56
7426.48
6634.68
6784.41
7941.46
8368.1
8175.96
8930.6
9658.11
8928.55
9239.55
9753.35
9631.44
9310.37
8463.52
8471.06
8239.08
8396.63
7576.78
7344.56
7386.72
7637.14
7619.43
7615.54
6879.31
6637.41
6445.79
6760.83
6170.46
6097.46
6223.28
6626.44
6555.51
6724.04
6403.18
6248.84
7321.62
7334.99
7715.1
7939.81
8220.91
7607.7
7011.28
6718.23
6138.96
6252.13
6312.75
6486.58
6354.57
6738.27
7078.19
7018.78
7265.08
6501.19
6240.98
6326.04
6522.39
6342.39
6756.12
6583.45
6686.08
6611.02
6483.73
6573.62
6626.85
6247
6599.17
6509.61
6504.78
6489.77
6457.21
6301.61
6390.42
6437.76
6444.97
6408.53
5756.77
5572.44
4491.98
4352.98
3793.35
4278.77
4140.6
3744.98
3453.66
3407.28
3242.42
3556.54
4135.19
3995.17
3848.21
3770.36
3855.88
3856.62
4032.25
3646.25
3531.96
3621.43
3703.98
3587.35
3577.79
3448.58
3444.81
3456.02
3405.7
3664.38
3632.42
3608.2
3910.8
3944.88
3766.89
3833.23
3831.44
3872.25
3875.96
3881.09
3885.21
3994.92
4056.4
4011.92
3947.74
4115.55
4152.53
4911.24
5189.39
5310.18
5064.62
5196.65
5277.04
5377.19
5195.61
5301.29
5326.67
5771.08
5755.72
6348.02
7823.11
7885.96
8193.7
7625.93
8071.45
8719.88
8553.81
8134.92
7803.23
7640.61
8173.06
8859.47
9076.18
10209.4
11017.5
11132.9
10737.7
11984.8
11232
12586.8
11804
10873.5
10638.6
10587.4
9772.17
9473.99
9589.13
10529.5
11788
11996.4
11566.8
10017
10214.5
10760.6
10405.8
10360.3
9484.55
9769.79
10584.2
10487.2
10101
10363.9
10265.6
10275.9
10033
8432.23
8225
8322.92
8155.48
8212.02
8586.9
8283.76
8002.51
7960.04
8026.76
8666.79
9218.76
9147.98
9206.16
9343.34
8809.41
8801.52
8457.69
8175.99
7617.07
6907.4
7523.83
7557.72
7296.77
7547.19
7337.42
7189.16
7111.14
7284.29
7143.2
7250.69
7243.93
7219.6
6944.33
7351.57
8042.65
8021.49
8842.42
8900.34
8626.47
8388.11
8588.42
9279.81
9378.09
9162.14
9807.54
9854.79
10242.4
9937.67
9604.72
9669.63
9309.15
8712.35
8912.82
9067.39
8039.38
7936.65
5166.26
5357.61
6226.44
6502.16
6763.75
5885.41
6652.87
6871.69
7205.55
6873.24
6857.66
7112.27
7130.04
7130.99
7549.52
7765.33
8824.66
8885.93
10002.5
8754.46
9305.93
9385.7
9785.74
9167.26
8899.66
9569.21
9450.84
9658.04
9670.43
9775.15
9459.97
9426.7
9380.03
9284.78
9276.58
9004.23
9133.97
9072.42
9348.91
9238.04
9295.9
9193.51
9174.71
9392.66
9551.28
11042.4
11114.9
11077.8
11750.3
11767.6
11392.4
11774.4
12293.7
11865.8
11653
11467.4
11481.6
11923.2
10467.9
10367.7
10352.7
10330.8
10948.4
11081.4
10532.2
10692.8
10692.3
10619.2
10673.5
10670.8
11302.7
11428.2
11327.6
11758.2
12990.2
13036.8
13289
13810.3
14023.3
15595.8
15328.5
16295.6
15968.2
17798.5
18699.8
19172.5
17138.9
19709.7
19454.5
19377.7
18554.2
18803.4
19439.8
23150.8
22745.5
23715.5
26246.6
28856.6
32195.5
34046.7
40670.2
35544.9
39158.5
35793
35539
32099.7
32541.8
34314.3
33522.9
37002.1
38928.1
44878.2
47185.2
49160.1
55916.5
54123.4
46800.4
45113.9
50477.7
48881.6
54881.5
57253.3
55754.7
57665.9
57411.2
52508.2
55863.9
58730.1
59031.3
59054.1
58048.6
59964.9
62969.1
60087.1
56507.9
51153.1
54056.6
53584.2
56610.5
57473.2
58928.8
56750
49922.5
43596.2
40784.3
34754.5
39266
34647.7
36662.6
36885.5
33514.9
36704.6
39066.8
38324.9
35524.2
32447.6
31640.6
34456.7
33536.9
35309.3
33839
33515.6
32686.6
31421.2
30815.9
32297.9
35365.2
40002.5
41659.1
38138
42825.9
46333.5
44417.8
47056.4
44777.9
48932
47744.6
49056.9
47074.8
49329
51769.1
46078.4
45144.8
47072.1
47263.6
42901.6
44889
43182.6
41522.4
47727.1
51505.8
53867.3
57452
57397.7
61546.2
66063.6
61277.3
60345.2
62249.2
61029.5
61441.8
63293.2
64976.7
64420.9
60172.3
58133
56301.5
58935.4
57292.3
57229.8
49253.9
50645.4
47137.5
46757.1
47658.4
46689.3
48628.3
50470.9
47601.3
46249.6
46442
43120.6
41864.4
43926
43146.5
42381.5
36480.8
36678.8
37146.8
37918.6
36912.7
41435.4
44133.3
42401.3
42580.9
40565.7
38382.3
37291.5
39103.9
44418.8
39141.2
38032.5
39437.9
37820.4
41133.1
42222.3
42372.7
44334.3
47115.9
2011-01-03 => 3 = 0.9
2011-01-03 => 2 = 0.6
2011-01-03 => 1 = 0.3
2011-01-03 => 1.2 = 0.36
2011-01-09 => 1 = 0.33
Error: not a positive number.
Error: bad input => 2001-42-42
2012-01-11 => 1 = 7.1
Error: too large a number.
